EXPORTED XY-GRAPH DATA
141 2 2
Gate Voltage
Drain Current
1.0000000000e+01 -3.8640725890e-27 
9.5000000000e+00 -3.2654891060e-28 
9.0000000000e+00 -5.5350934650e-29 
8.5000000000e+00 1.3533437540e-28 
8.0000000000e+00 5.6956406890e-30 
7.5000000000e+00 3.1841686730e-28 
7.0000000000e+00 -7.8691418040e-30 
6.5000000000e+00 -4.9468996640e-27 
6.0000000000e+00 -6.4199904640e-25 
5.5000000000e+00 -5.3511910980e-23 
5.0000000000e+00 -2.6378156960e-21 
4.5000000000e+00 -6.8314987540e-20 
4.0000000000e+00 -8.0949891240e-19 
3.5000000000e+00 -4.2688372140e-18 
3.0000000000e+00 -1.2286412730e-17 
2.5000000000e+00 -2.4848070790e-17 
2.0000000000e+00 -4.1379445100e-17 
1.5000000000e+00 -6.1482917180e-17 
1.0000000000e+00 -8.4988801030e-17 
5.0000000000e-01 -1.1185107250e-16 
3.1227274280e-15 -1.4209899860e-16 
-5.0000000000e-01 -1.7580332080e-16 
-1.0000000000e+00 -2.1306401730e-16 
-1.5000000000e+00 -2.5400017670e-16 
-2.0000000000e+00 -2.9874370030e-16 
-2.5000000000e+00 -3.4743384530e-16 
-3.0000000000e+00 -4.0021159040e-16 
-3.5000000000e+00 -4.5721334490e-16 
-4.0000000000e+00 -5.1856380570e-16 
-4.5000000000e+00 -5.8436799490e-16 
-5.0000000000e+00 -6.5470321250e-16 
-5.5000000000e+00 -7.2961180940e-16 
-6.0000000000e+00 -8.0909599440e-16 
-6.5000000000e+00 -8.9311594530e-16 
-7.0000000000e+00 -9.8159156640e-16 
-7.5000000000e+00 -1.0744079370e-15 
-8.0000000000e+00 -1.1714229770e-15 
-8.5000000000e+00 -1.2724761730e-15 
-9.0000000000e+00 -1.3773966460e-15 
-9.5000000000e+00 -1.4860098850e-15 
-1.0000000000e+01 -1.5981424380e-15 
-1.0500000000e+01 -1.7136249290e-15 
-1.1000000000e+01 -1.8322930650e-15 
-1.1500000000e+01 -1.9539872630e-15 
-1.2000000000e+01 -2.0785512670e-15 
-1.2500000000e+01 -2.2058299370e-15 
-1.3000000000e+01 -2.3356665340e-15 
-1.3500000000e+01 -2.4678996350e-15 
-1.4000000000e+01 -2.6023598460e-15 
-1.4500000000e+01 -2.7388664610e-15 
-1.5000000000e+01 -2.8772241180e-15 
-1.5500000000e+01 -3.0172196040e-15 
-1.6000000000e+01 -3.1586190200e-15 
-1.6500000000e+01 -3.3011655680e-15 
-1.7000000000e+01 -3.4445781890e-15 
-1.7500000000e+01 -3.5885517840e-15 
-1.8000000000e+01 -3.7327596200e-15 
-1.8500000000e+01 -3.8768587350e-15 
-1.9000000000e+01 -4.0204991050e-15 
-1.9500000000e+01 -4.1633370430e-15 
-2.0000000000e+01 -4.3050526040e-15 
-2.0500000000e+01 -4.4453696140e-15 
-2.1000000000e+01 -4.5840755460e-15 
-2.1500000000e+01 -4.7210373210e-15 
-2.2000000000e+01 -4.8562089980e-15 
-2.2500000000e+01 -4.9896286830e-15 
-2.3000000000e+01 -5.1214045440e-15 
-2.3500000000e+01 -5.2516926420e-15 
-2.4000000000e+01 -5.3806712980e-15 
-2.4500000000e+01 -5.5085180260e-15 
-2.5000000000e+01 -5.6353968820e-15 
-2.5500000000e+01 -5.7614619060e-15 
-2.6000000000e+01 -5.8868591610e-15 
-2.6500000000e+01 -6.0120261160e-15 
-2.7000000000e+01 -6.1362012650e-15 
-2.7500000000e+01 -6.2597904770e-15 
-2.8000000000e+01 -6.3828257690e-15 
-2.8500000000e+01 -6.5053422440e-15 
-2.9000000000e+01 -6.6273758160e-15 
-2.9500000000e+01 -6.7489437770e-15 
-3.0000000000e+01 -6.8701180090e-15 
-3.0500000000e+01 -6.9909014990e-15 
-3.1000000000e+01 -7.1113187840e-15 
-3.1500000000e+01 -7.2313924500e-15 
-3.2000000000e+01 -7.3511421200e-15 
-3.2500000000e+01 -7.4705851580e-15 
-3.3000000000e+01 -7.5897370670e-15 
-3.3500000000e+01 -7.7086118090e-15 
-3.4000000000e+01 -7.8272220560e-15 
-3.4500000000e+01 -7.9455794000e-15 
-3.5000000000e+01 -8.0636945120e-15 
-3.5500000000e+01 -8.1815772750e-15 
-3.6000000000e+01 -8.2992368850e-15 
-3.6500000000e+01 -8.4166819350e-15 
-3.7000000000e+01 -8.5339204850e-15 
-3.7500000000e+01 -8.6509601160e-15 
-3.8000000000e+01 -8.7678079730e-15 
-3.8500000000e+01 -8.8844686230e-15 
-3.9000000000e+01 -9.0009528940e-15 
-3.9500000000e+01 -9.1172645960e-15 
-4.0000000000e+01 -9.2334094800e-15 
-4.0500000000e+01 -9.3493930120e-15 
-4.1000000000e+01 -9.4652203920e-15 
-4.1500000000e+01 -9.5808965720e-15 
-4.2000000000e+01 -9.6964262730e-15 
-4.2500000000e+01 -9.8118139970e-15 
-4.3000000000e+01 -9.9270640420e-15 
-4.3500000000e+01 -1.0042180510e-14 
-4.4000000000e+01 -1.0157167340e-14 
-4.4500000000e+01 -1.0272028260e-14 
-4.5000000000e+01 -1.0386766890e-14 
-4.5500000000e+01 -1.0501386660e-14 
-4.6000000000e+01 -1.0615890870e-14 
-4.6500000000e+01 -1.0730282670e-14 
-4.7000000000e+01 -1.0844565110e-14 
-4.7500000000e+01 -1.0958741100e-14 
-4.8000000000e+01 -1.1072813420e-14 
-4.8500000000e+01 -1.1186784780e-14 
-4.9000000000e+01 -1.1300657740e-14 
-4.9500000000e+01 -1.1414434810e-14 
-5.0000000000e+01 -1.1528118360e-14 
-5.0500000000e+01 -1.1641710700e-14 
-5.1000000000e+01 -1.1755214040e-14 
-5.1500000000e+01 -1.1868630530e-14 
-5.2000000000e+01 -1.1981962220e-14 
-5.2500000000e+01 -1.2095211090e-14 
-5.3000000000e+01 -1.2208379080e-14 
-5.3500000000e+01 -1.2321468020e-14 
-5.4000000000e+01 -1.2434479690e-14 
-5.4500000000e+01 -1.2547415840e-14 
-5.5000000000e+01 -1.2660278130e-14 
-5.5500000000e+01 -1.2773068160e-14 
-5.6000000000e+01 -1.2885787500e-14 
-5.6500000000e+01 -1.2998437670e-14 
-5.7000000000e+01 -1.3111020120e-14 
-5.7500000000e+01 -1.3223536250e-14 
-5.8000000000e+01 -1.3335987450e-14 
-5.8500000000e+01 -1.3448375060e-14 
-5.9000000000e+01 -1.3560700330e-14 
-5.9500000000e+01 -1.3672964520e-14 
-6.0000000000e+01 -1.3785168870e-14 
