EXPORTED CROSS SECTION DATA
33 2 2
x coordinate
Hole Conc
0.0000000000e+00 0.0000000000e+00 
0.0000000000e+00 1.0000000000e+14 
1.0000000000e-02 1.1158861700e+14 
2.0000000000e-02 1.2359637300e+14 
3.0000000000e-02 1.3582796100e+14 
4.0000000000e-02 1.4804657800e+14 
5.0000000000e-02 1.5998905000e+14 
6.0000000000e-02 1.7140812800e+14 
7.0000000000e-02 1.8216749600e+14 
8.0000000000e-02 1.9242410300e+14 
9.0000000000e-02 2.0291272000e+14 
1.0000000000e-01 2.1524279200e+14 
1.1000000000e-01 2.3195378800e+14 
1.2000000000e-01 2.5615770700e+14 
1.3000000000e-01 2.9105193400e+14 
1.4000000000e-01 3.3973116300e+14 
1.5000000000e-01 4.0531929400e+14 
1.6000000000e-01 4.9124382600e+14 
1.7000000000e-01 6.0160726500e+14 
1.8000000000e-01 7.4174633400e+14 
1.9000000000e-01 9.1921208800e+14 
2.0000000000e-01 1.1456140600e+15 
2.1000000000e-01 1.4401491300e+15 
2.2000000000e-01 1.8364144200e+15 
2.3000000000e-01 2.3959954600e+15 
2.4000000000e-01 3.2377255400e+15 
2.5000000000e-01 4.6090434800e+15 
2.6000000000e-01 7.0907991400e+15 
2.7000000000e-01 1.2322369100e+16 
2.8000000000e-01 2.6515418100e+16 
2.9000000000e-01 9.0576753400e+16 
3.0000000000e-01 1.5066557700e+18 
3.0000000000e-01 0.0000000000e+00 
